A:
00011000
00011000
00100100
00100100
01111110
01000010
10000001
10000001
B:
01111100
01000010
01000010
01111100
01111100
01000010
01000010
01111100
C:
00011000
00100100
01000010
10000000
10000000
01000010
00100100
00011000
D:
01111000
01000100
01000010
01000001
01000001
01000010
01000100
01111000
E:
01111110
01000000
01000000
01111110
01111110
01000000
01000000
01111110
F:
01111110
01111110
01000000
01000000
01111100
01000000
01000000
01000000
G:
00011000
00100100
01000000
10000000
10001110
01000010
00100100
00011000
H:
01000010
01000010
01000010
01111110
01111110
01000010
01000010
01000010
I:
01111110
00011000
00011000
00011000
00011000
00011000
00011000
01111110
J:
01111110
00001000
00001000
00001000
00001000
00001000
00101000
00011000
K:
01000010
01000100
01001000
01110000
01110000
01001000
01000100
01000010
L:
01000000
01000000
01000000
01000000
01000000
01000000
01000000
01111111
M:
11000011
11000011
10100101
10100101
10011001
10011001
10000001
10000001
N:
11000001
11000001
10100001
10010001
10001001
10000101
10000011
10000011
O:
00011000
00100100
01000010
10000001
10000001
01000010
00100100
00011000
P:
01111100
01000010
01000001
01000010
01111100
01000000
01000000
01000000
Q:
00011000
00100100
01000010
10000001
10000001
01001010
00100100
00011011
R:
01111100
01000010
01000001
01000010
01111100
01001000
01000100
01000011
S:
00111100
01000010
01000000
00110000
00001100
00000010
01000010
00111100
T:
11111111
00011000
00011000
00011000
00011000
00011000
00011000
00011000
U:
10000001
10000001
10000001
10000001
10000001
10000001
01000010
00111100
V:
10000001
10000001
01000010
01000010
00100100
00100100
00011000
00011000
W:
10000001
10000001
10000001
10000001
10011001
01011010
00100100
00100100
X:
10000001
01000010
00100100
00011000
00011000
00100100
01000010
10000001
Y:
10000001
01000010
00100100
00011000
00011000
00011000
00011000
00000000
Z:
11111111
00000010
00000100
00001000
00010000
00100000
01000000
11111111